00000000
00000111
00010001
00010100
00011010
00011011
00011100
00011101
00100010
00100101
00101011
00101111
00110010
00110101
00110110
00111001
00111100
00111111
01001000
01001101
01010010
01010100
01011001
01011110
01100001
01101011
01101101
01110101
01111111
10000100
10001001
10001011
10001110
10010110
10011001
10011101
10100111
10101011
10101101
10110001
10110011
10111000
10111011
11000101
11000111
11001000
11001100
11001111
11010100
11010101
11010111
11011001
11011010
11011011
11011110
11011111
11100011
11101000
11101101
11110101
11111001
00000000
00000001
00000010
00000011
00001100
00001101
00001111
00010001
00010010
00010100
00010101
00010110
00010111
00011100
00011111
00100100
00101010
00101011
00110000
00110010
00110011
00110100
00110101
00111110
00111111
01000001
01000100
01001000
01001001
01001100
01010010
01010110
01010111
01011001
01011010
01011100
01011101
01100110
01101001
01110000
01111001
01111010
01111011
01111101
10000011
10000100
10000101
10001000
10001001
10001100
10001101
10001110
10010100
10011001
10100010
10100110
10101011
10101101
10110110
10111001
11000100
11001000
11001010
11010000
11010100
11010101
11010111
11011010
11011101
11011110
11100001
11100100
11100111
11101000
11110010
11110011
11111000
00000000
00000001
00000011
00000111
00001001
00001110
00010000
00010001
00010010
00010101
00010110
00011010
00011100
00011111
00100010
00100100
00101001
00101100
00101111
00110000
00110011
00110101
00110110
00111101
00111111
01000001
01000100
01001000
01001001
01001100
01001101
01010001
01010010
01010100
01010110
01010111
01011000
01011001
01011101
01011110
01100101
01101000
01101101
01101111
01110010
01111001
01111011
01111101
10000011
10000100
10000101
10001000
10001001
10001010
10001101
10010100
10010111
10011010
10011101
10100001
10100010
10100110
10101011
10110000
10110011
10110100
10110101
10111000
10111011
10111111
11000111
11001100
11001110
11001111
11010000
11010100
11010101
11010111
11011010
11011011
11011101
11100000
11100100
11100111
11101000
11101101
11110111
11111000
11111001
00000000
00010100
00010111
00011101
00110010
00110101
00111100
01000001
01001100
01010110
01011010
01100100
10001100
10001110
10010110
10011001
10100110
10101010
10110011
10111001
11000111
11001000
11001110
11010101
11010111
11100110
11101101
11110000
00000000
00010001
00010111
00011100
00011101
00100010
00101100
00101111
00110010
00110110
00111111
01000000
01000001
01000100
01001100
01010100
01011000
01011001
01011110
01101000
01101101
01111100
10001011
10011001
10011010
10100110
10110011
10111000
10111001
10111011
11000010
11000101
11000111
11001100
11010000
11010001
11010110
11011010
11011011
11011110
11100000
11100100
11101010
11111001
00000000
00000001
00000011
00000111
00001001
00001011
00001110
00001111
00010001
00010010
00010101
00010110
00011010
00011100
00011111
00100010
00100100
00101001
00101100
00101111
00110000
00110010
00110011
00110101
00110110
00111100
00111101
00111111
01000001
01000100
01001000
01001001
01001100
01001101
01010001
01010010
01010100
01010110
01010111
01011000
01011001
01011101
01011110
01100101
01101000
01101011
01101101
01110101
01111001
01111011
01111101
10000011
10000100
10000101
10001000
10001001
10001010
10001011
10001101
10010100
10010111
10011001
10011010
10011101
10100001
10100010
10100110
10101011
10110011
10110100
10110101
10111000
10111011
10111111
11000010
11000111
11001000
11001100
11001110
11001111
11010000
11010101
11010111
11011010
11011011
11011101
11100000
11100010
11100100
11100111
11101000
11101100
11101101
11110111
11111000
11111001
00000000
00000001
00000100
00000110
00001111
00010001
00010010
00011100
00011101
00100010
00100100
00101100
00101111
00110000
00110010
00110110
00111100
00111111
01000000
01000100
01010100
01010110
01011000
01011001
01011110
01101000
01101001
01101010
01101101
01111100
01111101
10001010
10001011
10011001
10011010
10011110
10100110
10110011
10111000
10111011
11000010
11000111
11001100
11001111
11010000
11010001
11010110
11010111
11011010
11011011
11011110
11100000
11100100
11101010
11111000
11111001
00000001
00010001
00010011
00010111
00011100
00011101
00011111
00100010
00101111
00111111
01000101
01001000
01010100
01011110
01101000
01101101
01111101
10001001
10001011
10011001
10011111
10101001
10110011
10111101
11000111
11001100
11010000
11010001
11010111
11011010
11011011
11100101
11101010
11111001
00000000
00001111
00010010
00100010
00100100
00110110
00111100
01000001
01000100
01001100
01010100
01010110
01011000
01111101
10000100
10001000
10001010
10100010
10100110
10111000
10111001
11000100
11000111
11001010
11001100
11010000
11010100
11011110
11100010
11101000
00000111
00001001
00010001
00011100
00011101
00101111
00111100
00111111
01011000
01011001
01011110
01101011
01101101
10001011
10011001
10110011
10111000
10111011
11000111
11001100
11010001
11011010
11011011
11111001