0000001
0000010
0000111
0010111
0011000
0011011
0100001
0100101
0101011
0101111
0110001
0111001
0111011
0111111
1000001
1000011
1001000
1001001
1001101
1010011
1010111
1011011
1100111
1101011
1110000
1110011
1110101
0000010
0001100
0010000
0010110
0100000
0100001
0101010
0101011
0110100
0111110
0111111
1000001
1001000
1001001
1001010
1010011
1011011
1011100
1100010
1100110
1100111
1101010
1110000
0000001
0000111
0001011
0001100
0011000
0101001
0111011
1001010
1011011
1100010
1100111
1101111
0000000
0000010
0001010
0010000
0010011
0010100
0011001
0101000
0101011
0101110
0110001
0110010
0111011
0111100
1000001
1000110
1001001
1010000
1011010
1100100
1101110
1110000
1110011
0000100
0010000
0010011
0011000
0100010
0110001
0110110
0111010
0111011
1000000
1001010
1001100
1010100
1011110
1100000
1101000
1101010
1110000
1110010
0000001
0000010
0000100
0000111
0001011
0001100
0010011
0010101
0011000
0011011
0011111
0101001
0101111
0110001
0110011
0110100
0111010
0111011
1000000
1000111
1001000
1001010
1001100
1010011
1011011
1011110
1100010
1100101
1100111
1101000
1101010
1101111
1110010
0000100
0000111
0010000
0010011
0011000
0100010
0110001
0110110
0111011
1000000
1001010
1001100
1010100
1011011
1011110
1101000
1110000
1110010
0000100
0010011
0011000
0110001
0111011
1001010
1010100
1011011
1101000
1101010
1110010
0000110
0010000
0010011
0011000
0011001
0100010
0100100
0101110
0110001
0110110
0111000
0111011
1000000
1000001
1001000
1001010
1001100
1010100
1010110
1011011
1011110
1011111
1100000
1101000
1101010
1101111
1110000
1110010
1110011
1110100
0000001
0000100
0000111
0010000
0010011
0011000
0100010
0101011
0101111
0110001
0110110
0111010
0111011
1000000
1001010
1001100
1001111
1010100
1011011
1011110
1101000
1110000
1110010
1110110