0000000000000000000110010110000
0000000000000000000110011000000
0000000000000000000110011010000
0000000000000000000111001100000
0000000000000000000111001110000
0000000000000000000111010000000
0000000000000000000111010010000
0000000000000000000111010100000
0000000000000000000111010110000
0000000000000000000111011000000
0000000000000000000111011010000
0000000000000000000111011100000
0000000000000000000111011110000
0000000000000000000111100000000
0000000000000000000111100010000
0000000000000000000111100100000
0000000000000000000111100110000
0000000000000000000111101000000
0000000000000000001000001100000
0000000000000000001000001110000
0000000000000000001000010000000
0000000000000000001000010010000
0000000000000000001000010100000
0000000000000000001000010110000
0000000000000000001000011000000
0000000000000000001000011010000
0000000000000000001000011100000
0000000000000000001000011110000
0000000000000000001000100000000
0000000000000000001000100010000
0000000000000000001001010110000
0000000000000000001001011000000
0000000000000000001010001110000
0000000000000000001010010000000
0000000000000000001011000100000
0000000000000000001011000110000
0000000000000000001011111010000
0000000000000000001011111100000
0000000000000000001011111110000
0000000000000000001100110010000
0000000000000000001100110100000
0000000000000000001101101000000
0000000000000000001101101010000
0000000000000000001101101100000
0000000000000000001110100000000
0000000000000000001110100010000
0000000000000000001111011000000
0000000000000000001111011010000
0000000010000000000000000000000
0000000010000000000000000010000
0000000010000000000000110110000
0000000010000000000000111000000
0000000010000000000001101110000
0000000010000000000001110000000
0000000010000000000010100100000
0000000010000000000010100110000
0000000010000000000011011010000
0000000010000000000011011100000
0000000010000000000011011110000
0000000010000000000100010010000
0000000010000000000100010100000
0000000010000000000101001000000
0000000010000000000101001010000
0000000010000000000101001100000
0000000010000000000110000000000
0000000010000000000110000010000
0000000010000000000110111000000
0000000010000000000110111010000
0000000010000000000111101110000
0000000010000000000111110000000
0000000010000000001000100100000
0000000010000000001000100110000
0000000010000000001000101000000
0000000010000000001001011010000
0000000010000000001001011100000
0000000010000000001001011110000
0000000010000000001010010010000
0000000010000000001010010100000
0000000010000000001011001000000
0000000010000000001011001010000
0000000010000000001011111110000
0000000010000000001100000000000
0000000010000000001100000010000
0000000010000000001100110110000
0000000010000000001100111000000
0000000010000000001100111010000
0000000010000000001101101110000
0000000010000000001101110000000
0000000010000000001101110010000
0000000010000000001110100110000
0000000010000000001110101000000
0000000000000000000011000000000
0000000000000000000011000010000
0000000000000000000011000100000
0000000000000000000011000110000
0000000000000000000011110010000
0000000000000000000011110100000
0000000000000000000011110110000
0000000000000000000011111000000
0000000000000000000011111010000
0000000000000000000011111100000
0000000000000000000011111110000
0000000000000000000100000000000
0000000000000000000100101000000
0000000000000000000100101010000
0000000000000000000100101100000
0000000000000000000100101110000
0000000000000000000100110000000
0000000000000000000100110010000
0000000000000000000100110100000
0000000000000000000100110110000
0000000000000000000100111000000
0000000000000000000101100000000
0000000000000000000101100010000
0000000000000000000101100100000
0000000000000000000101101110000
0000000000000000000101110000000
0000000000000000000101110010000
0000000000000000000110011000000
0000000000000000000110011010000
0000000000000000000110100110000
0000000000000000000110101000000
0000000000000000000111011100000
0000000000000000000111011110000
0000000000000000000111100000000
0000000000000000001000010100000
0000000000000000001000010110000
0000000000000000001000011000000
0000000000000000001001001010000
0000000000000000001001001100000
0000000000000000001001001110000
0000000000000000001010000000000
0000000000000000001010000010000
0000000000000000001010000100000
0000000000000000001010000110000
0000000000000000001010110110000
0000000000000000001010111000000
0000000000000000001010111010000
0000000000000000001010111100000
0000000000000000001011101110000
0000000000000000001011110000000
0000000000000000001011110010000
0000000000000000001100100100000
0000000000000000001100100110000
0000000000000000001100101000000
0000000000000000001100101010000
0000000000000000001101011100000
0000000000000000001101011110000
0000000000000000001101100000000
0000000000000000001110010010000
0000000000000000001110010100000
0000000000000000001110010110000
0000000000000000001110011000000
0000000000000000001111001000000
0000000000000000001111001010000
0000000000000000001111001100000
0000000000000000001111001110000
0000000010000000000000101010000
0000000010000000000000101100000
0000000010000000000000101110000
0000000010000000000001100000000
0000000010000000000001100010000
0000000010000000000001100100000
0000000010000000000001100110000
0000000010000000000010010110000
0000000010000000000010011000000
0000000010000000000010011010000
0000000010000000000010011100000
0000000010000000000011001110000
0000000010000000000011010000000
0000000010000000000011010010000
0000000010000000000100000100000
0000000010000000000100000110000
0000000010000000000100001000000
0000000010000000000100001010000
0000000010000000000100111100000
0000000010000000000100111110000
0000000010000000000101000000000
0000000010000000000101110010000
0000000010000000000101110100000
0000000010000000000101110110000
0000000010000000000101111000000
0000000010000000000110101000000
0000000010000000000110101010000
0000000010000000000110101100000
0000000010000000000110101110000
0000000010000000000111100000000
0000000010000000000111100010000
0000000010000000000111100100000
0000000010000000001000011000000
0000000010000000001000011010000
0000000010000000001000011100000
0000000010000000001000110100000
0000000010000000001000110110000
0000000010000000001000111000000
0000000010000000001000111010000
0000000010000000001001010000000
0000000010000000001001010010000
0000000010000000001001010100000
0000000010000000001001010110000
0000000010000000001001011000000
0000000010000000001001011010000
0000000010000000001001011100000
0000000010000000001001011110000
0000000010000000001001100000000
0000000010000000001001100010000
0000000010000000001001100100000
0000000010000000001001100110000
0000000010000000001001101000000
0000000010000000001001101010000
0000000010000000001001101100000
0000000010000000001001101110000
0000000010000000001001110000000
0000000010000000001001110010000
0000000010000000001010001000000
0000000010000000001010001010000
0000000010000000001010001100000
0000000010000000001010001110000
0000000010000000001010010000000
0000000010000000001010010010000
0000000010000000001010010100000
0000000010000000001010010110000
0000000010000000001010011000000
0000000010000000001010011010000
0000000010000000001010011100000
0000000010000000001010011110000
0000000010000000001010100000000
0000000010000000001010100010000
0000000010000000001010100100000
0000000010000000001010100110000
0000000010000000001011001010000
0000000010000000001011001100000
0000000010000000001011001110000
0000000010000000001011010000000
0000000010000000001011010010000
0000000000000000000100000010000
0000000000000000000100111010000
0000000000000000000101110000000
0000000000000000000101110010000
0000000000000000000110101000000
0000000000000000000110101010000
0000000000000000000111100000000
0000000000000000001000010110000
0000000000000000001000011000000
0000000000000000001001001110000
0000000000000000001001010000000
0000000000000000001010000110000
0000000000000000001010001000000
0000000000000000001010111100000
0000000000000000001010111110000
0000000000000000001011110100000
0000000000000000001011110110000
0000000000000000001100101100000
0000000000000000001100101110000
0000000000000000001101100010000
0000000000000000001101100100000
0000000000000000001110011010000
0000000000000000001110011100000
0000000000000000001111010010000
0000000000000000001111010100000
0000000010000000000000101110000
0000000010000000000000110000000
0000000010000000000001100110000
0000000010000000000001101000000
0000000010000000000010011100000
0000000010000000000010011110000
0000000010000000000011010100000
0000000010000000000011010110000
0000000010000000000100001100000
0000000010000000000100001110000
0000000010000000000101000010000
0000000010000000000101000100000
0000000010000000000101111010000
0000000010000000000101111100000
0000000010000000000110110010000
0000000010000000000110110100000
0000000010000000000111101000000
0000000010000000000111101010000
0000000010000000000111101100000
0000000010000000001000100000000
0000000010000000001000100010000
0000000010000000001001011000000
0000000010000000001001011010000
0000000010000000001010001110000
0000000010000000001010010000000
0000000010000000001010010010000
0000000010000000001011000110000
0000000010000000001011001000000
0000000010000000001011111110000
0000000010000000001100000000000
0000000000000000000011111010000
0000000000000000000011111100000
0000000000000000000011111110000
0000000000000000000100110010000
0000000000000000000100110100000
0000000000000000000100110110000
0000000000000000000101101000000
0000000000000000000101101010000
0000000000000000000101101100000
0000000000000000000101101110000
0000000000000000000110011110000
0000000000000000000110100000000
0000000000000000000110100010000
0000000000000000000110100100000
0000000000000000000110100110000
0000000000000000000110101000000
0000000000000000000111010100000
0000000000000000000111010110000
0000000000000000000111011000000
0000000000000000000111011010000
0000000000000000000111011100000
0000000000000000000111011110000
0000000000000000000111100000000
0000000000000000000111100010000
0000000000000000000111100100000
0000000000000000001000001010000
0000000000000000001000001100000
0000000000000000001000001110000
0000000000000000001000010000000
0000000000000000001000010010000
0000000000000000001000010100000
0000000000000000001000010110000
0000000000000000001000011000000
0000000000000000001000011010000
0000000000000000001000011100000
0000000000000000001000011110000
0000000000000000001001000010000
0000000000000000001001000100000
0000000000000000001001000110000
0000000000000000001001001000000
0000000000000000001001001010000
0000000000000000001001001100000
0000000000000000001001010010000
0000000000000000001001010100000
0000000000000000001001010110000
0000000000000000001001111000000
0000000000000000001001111010000
0000000000000000001001111100000
0000000000000000001001111110000
0000000000000000001010000000000
0000000000000000001010000010000
0000000000000000001010001100000
0000000000000000001010001110000
0000000000000000001010010000000
0000000000000000001010110000000
0000000000000000001010110010000
0000000000000000001010110100000
0000000000000000001010110110000
0000000000000000001011000110000
0000000000000000001011001000000
0000000000000000001011001010000
0000000000000000001011101000000
0000000000000000001011101010000
0000000000000000001011101100000
0000000000000000001011111110000
0000000000000000001100000000000
0000000000000000001100000010000
0000000000000000001100100000000
0000000000000000001100100010000
0000000000000000001100110110000
0000000000000000001100111000000
0000000000000000001100111010000
0000000000000000001100111100000
0000000000000000001101010110000
0000000000000000001101011000000
0000000000000000001101011010000
0000000000000000001101101110000
0000000000000000001101110000000
0000000000000000001101110010000
0000000000000000001110001110000
0000000000000000001110010000000
0000000000000000001110010010000
0000000000000000001110100100000
0000000000000000001110100110000
0000000000000000001110101000000
0000000000000000001110101010000
0000000000000000001111000110000
0000000000000000001111001000000
0000000000000000001111001010000
0000000000000000001111011000000
0000000000000000001111011010000
0000000000000000001111011100000
0000000000000000001111011110000
0000000000000000001111100000000
0000000000000000001111111110000
0000000010000000000000100010000
0000000010000000000000100100000
0000000010000000000000100110000
0000000010000000000000101000000
0000000010000000000000101010000
0000000010000000000000101100000
0000000010000000000000110010000
0000000010000000000000110100000
0000000010000000000000110110000
0000000010000000000001011000000
0000000010000000000001011010000
0000000010000000000001011100000
0000000010000000000001011110000
0000000010000000000001100000000
0000000010000000000001100010000
0000000010000000000001101100000
0000000010000000000001101110000
0000000010000000000001110000000
0000000010000000000010010000000
0000000010000000000010010010000
0000000010000000000010010100000
0000000010000000000010010110000
0000000010000000000010100110000
0000000010000000000010101000000
0000000010000000000010101010000
0000000010000000000011001000000
0000000010000000000011001010000
0000000010000000000011001100000
0000000010000000000011011110000
0000000010000000000011100000000
0000000010000000000011100010000
0000000010000000000100000000000
0000000010000000000100000010000
0000000010000000000100010110000
0000000010000000000100011000000
0000000010000000000100011010000
0000000010000000000100011100000
0000000010000000000100110110000
0000000010000000000100111000000
0000000010000000000100111010000
0000000010000000000101001110000
0000000010000000000101010000000
0000000010000000000101010010000
0000000010000000000101101110000
0000000010000000000101110000000
0000000010000000000101110010000
0000000010000000000110000100000
0000000010000000000110000110000
0000000010000000000110001000000
0000000010000000000110001010000
0000000010000000000110100110000
0000000010000000000110101000000
0000000010000000000110101010000
0000000010000000000110111000000
0000000010000000000110111010000
0000000010000000000110111100000
0000000010000000000110111110000
0000000010000000000111000000000
0000000010000000000111011110000
0000000010000000000111100000000
0000000010000000000111100010000
0000000010000000000111101110000
0000000010000000000111110000000
0000000010000000000111110010000
0000000010000000000111110100000
0000000010000000000111110110000
0000000010000000000111111000000
0000000010000000001000010110000
0000000010000000001000011000000
0000000010000000001000011010000
0000000010000000001000100000000
0000000010000000001000100010000
0000000010000000001000100100000
0000000010000000001000100110000
0000000010000000001000101000000
0000000010000000001000101010000
0000000010000000001000101100000
0000000010000000001000101110000
0000000010000000001001010000000
0000000010000000001001010010000
0000000010000000001001010100000
0000000010000000001001010110000
0000000010000000001001011000000
0000000010000000001001011010000
0000000010000000001001011100000
0000000010000000001001011110000
0000000010000000001001100000000
0000000010000000001001100010000
0000000010000000001001100100000
0000000010000000001001100110000
0000000010000000001010001000000
0000000010000000001010001010000
0000000010000000001010001100000
0000000010000000001010001110000
0000000010000000001010010000000
0000000010000000001010010010000
0000000010000000001010010100000
0000000010000000001010010110000
0000000010000000001010011000000
0000000010000000001010011010000
0000000010000000001011000010000
0000000010000000001011000100000
0000000010000000001011000110000
0000000010000000001011001000000
0000000010000000001011001010000
0000000010000000001011001100000
0000000010000000001011001110000
0000000010000000001011111110000
0000000010000000001100000000000
0000000010000000001100000010000
0000000000000000000100101110000
0000000000000000000101100110000
0000000000000000000101110110000
0000000000000000000101111000000
0000000000000000000110011100000
0000000000000000000110011110000
0000000000000000000110110000000
0000000000000000000111010100000
0000000000000000000111010110000
0000000000000000000111101000000
0000000000000000001000001010000
0000000000000000001000001100000
0000000000000000001000011110000
0000000000000000001000100000000
0000000000000000001001000000000
0000000000000000001001000010000
0000000000000000001001010110000
0000000000000000001001011000000
0000000000000000001001111000000
0000000000000000001001111010000
0000000000000000001010001100000
0000000000000000001010001110000
0000000000000000001010010000000
0000000000000000001010101110000
0000000000000000001010110000000
0000000000000000001011000100000
0000000000000000001011000110000
0000000000000000001011100110000
0000000000000000001011101000000
0000000000000000001011111010000
0000000000000000001011111100000
0000000000000000001011111110000
0000000000000000001100011110000
0000000000000000001100100000000
0000000000000000001100110010000
0000000000000000001100110100000
0000000000000000001100110110000
0000000000000000001101010110000
0000000000000000001101011000000
0000000000000000001101101010000
0000000000000000001101101100000
0000000000000000001110001110000
0000000000000000001110010000000
0000000000000000001110010010000
0000000000000000001110011100000
0000000000000000001110011110000
0000000000000000001110100000000
0000000000000000001110100010000
0000000000000000001110100100000
0000000000000000001111001000000
0000000000000000001111001010000
0000000000000000001111001100000
0000000000000000001111001110000
0000000000000000001111010000000
0000000000000000001111010010000
0000000000000000001111010100000
0000000000000000001111010110000
0000000000000000001111011000000
0000000000000000001111011010000
0000000000000000001111011100000
0000000010000000000000000000000
0000000010000000000000100000000
0000000010000000000000100010000
0000000010000000000000110110000
0000000010000000000000111000000
0000000010000000000001011000000
0000000010000000000001011010000
0000000010000000000001101100000
0000000010000000000001101110000
0000000010000000000001110000000
0000000010000000000010001110000
0000000010000000000010010000000
0000000010000000000010100100000
0000000010000000000010100110000
0000000010000000000011000110000
0000000010000000000011001000000
0000000010000000000011011010000
0000000010000000000011011100000
0000000010000000000011011110000
0000000010000000000011111110000
0000000010000000000100000000000
0000000010000000000100010010000
0000000010000000000100010100000
0000000010000000000100010110000
0000000010000000000100110110000
0000000010000000000100111000000
0000000010000000000101001010000
0000000010000000000101001100000
0000000010000000000101101110000
0000000010000000000101110000000
0000000010000000000101110010000
0000000010000000000101111100000
0000000010000000000101111110000
0000000010000000000110000000000
0000000010000000000110000010000
0000000010000000000110000100000
0000000010000000000110101000000
0000000010000000000110101010000
0000000010000000000110101100000
0000000010000000000110101110000
0000000010000000000110110000000
0000000010000000000110110010000
0000000010000000000110110100000
0000000010000000000110110110000
0000000010000000000110111000000
0000000010000000000110111010000
0000000010000000000110111100000
0000000010000000000111110000000
0000000010000000000111110010000
0000000010000000000111110100000
0000000010000000001000101010000
0000000010000000001000101100000
0000000010000000001001100000000
0000000010000000001001100010000
0000000010000000001001100100000
0000000010000000001010011010000
0000000010000000001010011100000
0000000010000000001011010000000
0000000010000000001011010010000
0000000010000000001011010100000
0000000010000000001100001000000
0000000010000000001100001010000
0000000010000000001101000000000
0000000000000000000100111010000
0000000000000000000101110000000
0000000000000000000101110010000
0000000000000000000101110100000
0000000000000000000110101000000
0000000000000000000110101010000
0000000000000000000110101100000
0000000000000000000111011110000
0000000000000000000111100000000
0000000000000000000111100010000
0000000000000000001000010110000
0000000000000000001000011000000
0000000000000000001000011010000
0000000000000000001001001100000
0000000000000000001001001110000
0000000000000000001001010000000
0000000000000000001001010010000
0000000000000000001010000100000
0000000000000000001010000110000
0000000000000000001010001000000
0000000000000000001010111100000
0000000000000000001010111110000
0000000000000000001011000000000
0000000000000000001011110100000
0000000000000000001011110110000
0000000000000000001011111000000
0000000000000000001100101010000
0000000000000000001100101100000
0000000000000000001100101110000
0000000000000000001101100010000
0000000000000000001101100100000
0000000000000000001101100110000
0000000000000000001110011010000
0000000000000000001110011100000
0000000000000000001110011110000
0000000000000000001111010000000
0000000000000000001111010010000
0000000000000000001111010100000
0000000010000000000000101100000
0000000010000000000000101110000
0000000010000000000000110000000
0000000010000000000000110010000
0000000010000000000001100100000
0000000010000000000001100110000
0000000010000000000001101000000
0000000010000000000010011100000
0000000010000000000010011110000
0000000010000000000010100000000
0000000010000000000011010100000
0000000010000000000011010110000
0000000010000000000011011000000
0000000010000000000100001010000
0000000010000000000100001100000
0000000010000000000100001110000
0000000010000000000101000010000
0000000010000000000101000100000
0000000010000000000101000110000
0000000010000000000101111010000
0000000010000000000101111100000
0000000010000000000101111110000
0000000010000000000110110000000
0000000010000000000110110010000
0000000010000000000110110100000
0000000010000000000111101000000
0000000010000000000111101010000
0000000010000000000111101100000
0000000010000000001000100000000
0000000010000000001000100010000
0000000010000000001000100100000
0000000010000000001001011000000
0000000010000000001001011010000
0000000010000000001010001110000
0000000010000000001010010000000
0000000010000000001010010010000
0000000010000000001011000110000
0000000010000000001011001000000
0000000010000000001011001010000
0000000010000000001011111110000
0000000010000000001100000000000
0000000010000000001100000010000
0000000010000000001100111000000
0000000000000000000100101100000
0000000000000000000100101110000
0000000000000000000101100010000
0000000000000000000101100100000
0000000000000000000101100110000
0000000000000000000101111010000
0000000000000000000101111100000
0000000000000000000110011000000
0000000000000000000110011010000
0000000000000000000110011100000
0000000000000000000110110000000
0000000000000000000110110010000
0000000000000000000111010000000
0000000000000000000111010010000
0000000000000000000111101000000
0000000000000000000111101010000
0000000000000000001000000110000
0000000000000000001000001000000
0000000000000000001000011110000
0000000000000000001000100000000
0000000000000000001000111100000
0000000000000000001000111110000
0000000000000000001001000000000
0000000000000000001001010110000
0000000000000000001001011000000
0000000000000000001001110100000
0000000000000000001001110110000
0000000000000000001001111000000
0000000000000000001010001010000
0000000000000000001010001100000
0000000000000000001010001110000
0000000000000000001010101100000
0000000000000000001010101110000
0000000000000000001010110000000
0000000000000000001010110010000
0000000000000000001010110100000
0000000000000000001010111110000
0000000000000000001011000000000
0000000000000000001011000010000
0000000000000000001011000100000
0000000000000000001011000110000
0000000000000000001011100110000
0000000000000000001011101000000
0000000000000000001011101010000
0000000000000000001011101100000
0000000000000000001011101110000
0000000000000000001011110000000
0000000000000000001011110010000
0000000000000000001011110100000
0000000000000000001011110110000
0000000000000000001011111000000
0000000000000000001011111010000
0000000000000000001011111100000
0000000000000000001100100010000
0000000000000000001100100100000
0000000000000000001100100110000
0000000000000000001100101000000
0000000000000000001100101010000
0000000000000000001100101100000
0000000000000000001100110000000
0000000000000000001100110010000
0000000000000000001100110100000
0000000000000000001101101000000
0000000000000000001101101010000
0000000000000000001110011110000
0000000000000000001110100000000
0000000000000000001111010110000
0000000000000000001111011000000
0000000010000000000000000000000
0000000010000000000000011100000
0000000010000000000000011110000
0000000010000000000000100000000
0000000010000000000000110110000
0000000010000000000000111000000
0000000010000000000001010100000
0000000010000000000001010110000
0000000010000000000001011000000
0000000010000000000001101010000
0000000010000000000001101100000
0000000010000000000001101110000
0000000010000000000010001100000
0000000010000000000010001110000
0000000010000000000010010000000
0000000010000000000010010010000
0000000010000000000010010100000
0000000010000000000010011110000
0000000010000000000010100000000
0000000010000000000010100010000
0000000010000000000010100100000
0000000010000000000010100110000
0000000010000000000011000110000
0000000010000000000011001000000
0000000010000000000011001010000
0000000010000000000011001100000
0000000010000000000011001110000
0000000010000000000011010000000
0000000010000000000011010010000
0000000010000000000011010100000
0000000010000000000011010110000
0000000010000000000011011000000
0000000010000000000011011010000
0000000010000000000011011100000
0000000010000000000100000010000
0000000010000000000100000100000
0000000010000000000100000110000
0000000010000000000100001000000
0000000010000000000100001010000
0000000010000000000100001100000
0000000010000000000100010000000
0000000010000000000100010010000
0000000010000000000100010100000
0000000010000000000101001000000
0000000010000000000101001010000
0000000010000000000101111110000
0000000010000000000110000000000
0000000010000000000110110110000
0000000010000000000110111000000
0000000010000000000111101100000
0000000010000000000111101110000
0000000010000000000111110000000
0000000010000000001000100100000
0000000010000000001000100110000
0000000010000000001001011100000
0000000010000000001001011110000
0000000010000000001010010010000
0000000010000000001010010100000
0000000010000000001010010110000
0000000010000000001011001010000
0000000010000000001011001100000
0000000010000000001011001110000
0000000010000000001011010010000
0000000010000000001011010100000
0000000010000000001100000010000
0000000010000000001100000100000
0000000010000000001100000110000
0000000010000000001100001000000
0000000010000000001100001010000
0000000010000000001100111100000
0000000010000000001100111110000
0000000000000000000101101000000
0000000000000000000101101010000
0000000000000000000110011110000
0000000000000000000110100000000
0000000000000000000110100010000
0000000000000000000111010100000
0000000000000000000111010110000
0000000000000000000111011000000
0000000000000000000111011010000
0000000000000000000111011100000
0000000000000000001000001010000
0000000000000000001000001100000
0000000000000000001000001110000
0000000000000000001000010000000
0000000000000000001000010010000
0000000000000000001000010100000
0000000000000000001000010110000
0000000000000000001001000010000
0000000000000000001001000100000
0000000000000000001001000110000
0000000000000000001001001000000
0000000000000000001001001010000
0000000000000000001001001100000
0000000000000000001001001110000
0000000000000000001001010000000
0000000000000000001001111010000
0000000000000000001001111100000
0000000000000000001010000100000
0000000000000000001010000110000
0000000000000000001010001000000
0000000000000000001010001010000
0000000000000000001010110010000
0000000000000000001010111100000
0000000000000000001010111110000
0000000000000000001011000000000
0000000000000000001011000010000
0000000000000000001011101000000
0000000000000000001011101010000
0000000000000000001011101100000
0000000000000000001011110100000
0000000000000000001011110110000
0000000000000000001011111000000
0000000000000000001011111010000
0000000000000000001100100010000
0000000000000000001100100100000
0000000000000000001100101010000
0000000000000000001100101100000
0000000000000000001100101110000
0000000000000000001100110000000
0000000000000000001100110010000
0000000000000000001101011010000
0000000000000000001101011100000
0000000000000000001101011110000
0000000000000000001101100000000
0000000000000000001101100010000
0000000000000000001101100100000
0000000000000000001101101000000
0000000000000000001101101010000
0000000000000000001101101100000
0000000000000000001110010100000
0000000000000000001110010110000
0000000000000000001110011000000
0000000000000000001110011010000
0000000000000000001110100000000
0000000000000000001110100010000
0000000000000000001110100100000
0000000000000000001111001110000
0000000000000000001111010000000
0000000000000000001111011010000
0000000000000000001111011100000
0000000000000000001111011110000
0000000010000000000000100010000
0000000010000000000000100100000
0000000010000000000000100110000
0000000010000000000000101000000
0000000010000000000000101010000
0000000010000000000000101100000
0000000010000000000000101110000
0000000010000000000000110000000
0000000010000000000001011010000
0000000010000000000001011100000
0000000010000000000001100100000
0000000010000000000001100110000
0000000010000000000001101000000
0000000010000000000001101010000
0000000010000000000010010010000
0000000010000000000010011100000
0000000010000000000010011110000
0000000010000000000010100000000
0000000010000000000010100010000
0000000010000000000011001000000
0000000010000000000011001010000
0000000010000000000011001100000
0000000010000000000011010100000
0000000010000000000011010110000
0000000010000000000011011000000
0000000010000000000011011010000
0000000010000000000100000010000
0000000010000000000100000100000
0000000010000000000100001010000
0000000010000000000100001100000
0000000010000000000100001110000
0000000010000000000100010000000
0000000010000000000100010010000
0000000010000000000100111010000
0000000010000000000100111100000
0000000010000000000100111110000
0000000010000000000101000000000
0000000010000000000101000010000
0000000010000000000101000100000
0000000010000000000101001000000
0000000010000000000101001010000
0000000010000000000101001100000
0000000010000000000101110100000
0000000010000000000101110110000
0000000010000000000101111000000
0000000010000000000101111010000
0000000010000000000110000000000
0000000010000000000110000010000
0000000010000000000110000100000
0000000010000000000110101110000
0000000010000000000110110000000
0000000010000000000110111010000
0000000010000000000110111100000
0000000010000000000110111110000
0000000010000000000111110100000
0000000010000000000111110110000
0000000010000000001000101100000
0000000010000000001000101110000
0000000010000000001001100110000
0000000010000000001001101000000
0000000010000000001010100000000
0000000010000000001010100010000
0000000010000000001011011000000
0000000010000000001011011010000
0000000010000000001100010010000
0000000010000000001100010100000
0000000010000000001101001010000
0000000010000000001101001100000
0000000010000000001110000100000
0000000000000000000100001100000
0000000000000000000100111000000
0000000000000000000100111010000
0000000000000000000100111100000
0000000000000000000100111110000
0000000000000000000101000000000
0000000000000000000101000010000
0000000000000000000101000100000
0000000000000000000101000110000
0000000000000000000101001000000
0000000000000000000101101010000
0000000000000000000101101100000
0000000000000000000101101110000
0000000000000000000101110000000
0000000000000000000101110010000
0000000000000000000101110100000
0000000000000000000101110110000
0000000000000000000101111000000
0000000000000000000101111010000
0000000000000000000101111100000
0000000000000000000101111110000
0000000000000000000110000000000
0000000000000000000110100010000
0000000000000000000110100100000
0000000000000000000110100110000
0000000000000000000110101000000
0000000000000000000110101010000
0000000000000000000110101100000
0000000000000000000110101110000
0000000000000000000110110000000
0000000000000000000110110010000
0000000000000000000110110100000
0000000000000000000110110110000
0000000000000000000110111000000
0000000000000000000111010010000
0000000000000000000111011010000
0000000000000000000111011100000
0000000000000000000111011110000
0000000000000000000111100000000
0000000000000000001000001000000
0000000000000000001000001010000
0000000000000000001000111110000
0000000000000000001001000000000
0000000000000000001001000010000
0000000000000000001001110100000
0000000000000000001001110110000
0000000000000000001001111000000
0000000000000000001010101100000
0000000000000000001010101110000
0000000000000000001011100010000
0000000000000000001011100100000
0000000000000000001011100110000
0000000000000000001100011010000
0000000000000000001100011100000
0000000000000000001100011110000
0000000000000000001101010010000
0000000000000000001101010100000
0000000000000000001101010110000
0000000000000000001101011000000
0000000000000000001101011010000
0000000000000000001101011100000
0000000000000000001110001010000
0000000000000000001110001100000
0000000000000000001110001110000
0000000000000000001110010000000
0000000000000000001110010010000
0000000000000000001110010100000
0000000000000000001110010110000
0000000000000000001110011000000
0000000000000000001110011010000
0000000000000000001110011100000
0000000000000000001110011110000
0000000000000000001110100000000
0000000000000000001110100010000
0000000000000000001110100100000
0000000000000000001111000110000
0000000000000000001111001000000
0000000000000000001111001010000
0000000000000000001111001100000
0000000000000000001111001110000
0000000000000000001111010000000
0000000000000000001111010010000
0000000000000000001111010100000
0000000000000000001111010110000
0000000000000000001111011000000
0000000000000000001111011010000
0000000000000000001111011100000
0000000010000000000000011110000
0000000010000000000000100000000
0000000010000000000000100010000
0000000010000000000001010100000
0000000010000000000001010110000
0000000010000000000001011000000
0000000010000000000010001100000
0000000010000000000010001110000
0000000010000000000011000010000
0000000010000000000011000100000
0000000010000000000011000110000
0000000010000000000011111010000
0000000010000000000011111100000
0000000010000000000011111110000
0000000010000000000100110010000
0000000010000000000100110100000
0000000010000000000100110110000
0000000010000000000100111000000
0000000010000000000100111010000
0000000010000000000100111100000
0000000010000000000101101010000
0000000010000000000101101100000
0000000010000000000101101110000
0000000010000000000101110000000
0000000010000000000101110010000
0000000010000000000101110100000
0000000010000000000101110110000
0000000010000000000101111000000
0000000010000000000101111010000
0000000010000000000101111100000
0000000010000000000101111110000
0000000010000000000110000000000
0000000010000000000110000010000
0000000010000000000110000100000
0000000010000000000110100110000
0000000010000000000110101000000
0000000010000000000110101010000
0000000010000000000110101100000
0000000010000000000110101110000
0000000010000000000110110000000
0000000010000000000110110010000
0000000010000000000110110100000
0000000010000000000110110110000
0000000010000000000110111000000
0000000010000000000110111010000
0000000010000000000110111100000
0000000010000000000111100110000
0000000010000000000111101000000
0000000010000000000111101010000
0000000010000000000111101100000
0000000010000000000111101110000
0000000010000000000111110000000
0000000010000000000111110010000
0000000010000000000111110100000
0000000010000000000111110110000
0000000010000000001000100000000
0000000010000000001000100010000
0000000010000000001000100100000
0000000010000000001000101000000
0000000010000000001000101010000
0000000010000000001000101100000
0000000010000000001000101110000
0000000010000000001001011000000
0000000010000000001001011010000
0000000010000000001001011100000
0000000010000000001001011110000
0000000010000000001001100000000
0000000010000000001001100010000
0000000010000000001001100100000
0000000010000000001001100110000
0000000010000000001010010000000
0000000010000000001010010010000
0000000010000000001010010100000
0000000010000000001010010110000
0000000010000000001010011000000
0000000010000000001010011010000
0000000010000000001010011100000
0000000010000000001011001010000
0000000010000000001011001100000
0000000010000000001011001110000
0000000010000000001011010000000
0000000010000000001011010010000
0000000010000000001100000110000
0000000000000000000110100110000
0000000000000000000110101000000
0000000000000000000110101010000
0000000000000000000111011000000
0000000000000000000111011010000
0000000000000000000111011100000
0000000000000000000111011110000
0000000000000000000111100000000
0000000000000000000111100010000
0000000000000000000111100100000
0000000000000000000111100110000
0000000000000000000111101000000
0000000000000000000111101010000
0000000000000000001000001100000
0000000000000000001000001110000
0000000000000000001000010000000
0000000000000000001000010010000
0000000000000000001000010100000
0000000000000000001000010110000
0000000000000000001000011000000
0000000000000000001000011010000
0000000000000000001000011100000
0000000000000000001000011110000
0000000000000000001000100000000
0000000000000000001000100010000
0000000000000000001001000000000
0000000000000000001001000010000
0000000000000000001001000100000
0000000000000000001001000110000
0000000000000000001001001000000
0000000000000000001001001010000
0000000000000000001001010010000
0000000000000000001001010110000
0000000000000000001001011000000
0000000000000000001001011010000
0000000000000000001001011100000
0000000000000000001001111000000
0000000000000000001001111010000
0000000000000000001001111100000
0000000000000000001001111110000
0000000000000000001010001010000
0000000000000000001010010000000
0000000000000000001010010010000
0000000000000000001010010100000
0000000000000000001010101110000
0000000000000000001010110000000
0000000000000000001010110010000
0000000000000000001011000100000
0000000000000000001011000110000
0000000000000000001011001000000
0000000000000000001011001010000
0000000000000000001011001100000
0000000000000000001011100110000
0000000000000000001011101000000
0000000000000000001011101010000
0000000000000000001011101110000
0000000000000000001011110000000
0000000000000000001011110010000
0000000000000000001011110100000
0000000000000000001011110110000
0000000000000000001011111000000
0000000000000000001011111010000
0000000000000000001011111100000
0000000000000000001011111110000
0000000000000000001100000000000
0000000000000000001100000010000
0000000000000000001100011110000
0000000000000000001100100000000
0000000000000000001100100010000
0000000000000000001100100100000
0000000000000000001100100110000
0000000000000000001100101000000
0000000000000000001100101010000
0000000000000000001100101100000
0000000000000000001100101110000
0000000000000000001100110000000
0000000000000000001100110010000
0000000000000000001100110100000
0000000000000000001100110110000
0000000000000000001100111000000
0000000000000000001101011010000
0000000000000000001101011100000
0000000000000000001101011110000
0000000000000000001101100000000
0000000000000000001101100010000
0000000000000000001101100100000
0000000000000000001101100110000
0000000000000000001101101000000
0000000000000000001101101010000
0000000000000000001101101100000
0000000000000000001101101110000
0000000000000000001110011100000
0000000000000000001110011110000
0000000000000000001110100000000
0000000000000000001110100010000
0000000000000000001111010100000
0000000000000000001111010110000
0000000000000000001111011000000
0000000010000000000000000000000
0000000010000000000000000010000
0000000010000000000000100000000
0000000010000000000000100010000
0000000010000000000000100100000
0000000010000000000000100110000
0000000010000000000000101000000
0000000010000000000000101010000
0000000010000000000000110010000
0000000010000000000000110110000
0000000010000000000000111000000
0000000010000000000000111010000
0000000010000000000000111100000
0000000010000000000001011000000
0000000010000000000001011010000
0000000010000000000001011100000
0000000010000000000001011110000
0000000010000000000001101010000
0000000010000000000001110000000
0000000010000000000001110010000
0000000010000000000001110100000
0000000010000000000010001110000
0000000010000000000010010000000
0000000010000000000010010010000
0000000010000000000010100100000
0000000010000000000010100110000
0000000010000000000010101000000
0000000010000000000010101010000
0000000010000000000010101100000
0000000010000000000011000110000
0000000010000000000011001000000
0000000010000000000011001010000
0000000010000000000011001110000
0000000010000000000011010000000
0000000010000000000011010010000
0000000010000000000011010100000
0000000010000000000011010110000
0000000010000000000011011000000
0000000010000000000011011010000
0000000010000000000011011100000
0000000010000000000011011110000
0000000010000000000011100000000
0000000010000000000011100010000
0000000010000000000011111110000
0000000010000000000100000000000
0000000010000000000100000010000
0000000010000000000100000100000
0000000010000000000100000110000
0000000010000000000100001000000
0000000010000000000100001010000
0000000010000000000100001100000
0000000010000000000100001110000
0000000010000000000100010000000
0000000010000000000100010010000
0000000010000000000100010100000
0000000010000000000100010110000
0000000010000000000100011000000
0000000010000000000100111010000
0000000010000000000100111100000
0000000010000000000100111110000
0000000010000000000101000000000
0000000010000000000101000010000
0000000010000000000101000100000
0000000010000000000101000110000
0000000010000000000101001000000
0000000010000000000101001010000
0000000010000000000101001100000
0000000010000000000101001110000
0000000010000000000101111100000
0000000010000000000101111110000
0000000010000000000110000000000
0000000010000000000110000010000
0000000010000000000110110100000
0000000010000000000110110110000
0000000010000000000110111000000
0000000010000000000111101010000
0000000010000000000111101100000
0000000010000000000111101110000
0000000010000000000111110000000
0000000010000000001000100000000
0000000010000000001000100010000
0000000010000000001000100100000
0000000010000000001000100110000
0000000010000000001001010110000
0000000010000000001001011000000
0000000010000000001001011010000
0000000010000000001001011100000
0000000010000000001010001110000
0000000010000000001010010000000
0000000010000000001010010010000
0000000010000000001010010100000
0000000010000000001011000100000
0000000010000000001011000110000
0000000010000000001011001000000
0000000010000000001011001010000
0000000010000000001011111100000
0000000010000000001011111110000
0000000010000000001100000000000
0000000010000000001100110010000
0000000010000000001100110100000
0000000010000000001100110110000
0000000010000000001100111000000
0000000010000000001101101010000
0000000010000000001101101100000
0000000010000000001101101110000
0000000010000000001110100100000