0000011
0000111
0001001
0001101
0010001
0011011
0100001
0100101
0101011
0101111
0111001
1000011
1001101
1010111
1011101
1100001
1100011
1101011
1101110
1110101
1110111
0000010
0000011
0001000
0010110
0100000
0101010
0110100
0111110
1000100
1001000
1011100
1100110
0000001
0001011
0001101
0010001
0010101
0011111
0100001
0101001
0101011
0110011
0111101
1000100
1000111
1010001
1011000
1011011
1100001
1100101
1101011
1101111
1110110
0000000
0000101
0001001
0001010
0010100
0011110
0100010
0101000
0101101
0110010
0111100
0111110
1000110
1010000
1011010
1011111
1100011
1100100
1101110
1110111
0000100
0001001
0001110
0011000
0100001
0100010
0100111
0101100
0110110
0111001
0111011
1000000
1000101
1001010
1001111
1010100
1011001
1011110
1101000
1101110
1110010
0000001
0000011
0000111
0001011
0001101
0010001
0010101
0011011
0011111
0100010
0101001
0101011
0110011
0111001
0111101
1000011
1000111
1010001
1010111
1011000
1011011
1100001
1100101
1101011
1101111
1110101
1110110
0001000
0001001
0001110
0100010
0100111
0110110
0111011
1000000
1000100
1001010
1010100
1011000
1011110
1101000
1101100
1110110
0000011
0001000
0001001
0001011
0001101
0010011
0011101
0100001
0100010
0100011
0100111
0101011
0110001
0110110
0111011
1000000
1000101
1001111
1011000
1011001
1011101
1100011
1101100
1101101
1110110
1110111
0000101
0101101
1000100
1001110
1011111
1101001
0001000
0001001
0010011
0100010
0100111
0110001
0111001
0111011
1000000
1000101
1001111
1010111
1011000
1011001
1100001
1100011
1101011
1110110
1110111