00000001
00000010
00000100
00000111
00001001
00001011
00000001
00000010
00000100
00000111
00001011
00000001
00000010
00000100
00000111
00001011
00000001
00000100
00000111
00000001
00000100
00000111
00000001
00000111
00001011
00000001
00000111
00001011
00000001
00000111
00001011
00000001
00000111
00001011
00000001
00000111
00001001
00001011
00000001
00000111
00001001
00001011
00000001
00000111
00001001
00001011
00001101
00000001
00000011
00000111
00001001
00001011
00001101
00000001
00000011
00000100
00000111
00001001
00001011
00001101
00000001
00000011
00000100
00000111
00001001
00001011
00001101
00000001
00000011
00000100
00000111
00001001
00001011
00001101
00000001
00000011
00000100
00000111
00001001
00001011
00001101
00000001
00000100
00000111
00001001
00001011
00001101
00000001
00000100
00000111
00001001
00001011
00001101
00000001
00000100
00000111
00001001
00001011
00001101
00000001
00000100
00000111
00001001
00001011
00001101
00000001
00000100
00000111
00001001
00001011
00001101
00000001
00000100
00000111
00001001
00001011
00001101
00000001
00000100
00000111
00001001
00001011
00001101
00000001
00000100
00000111
00001001
00001011
00001101
00001110
00000001
00000100
00000111
00001001
00001011
00001101
00001110
00000001
00000100
00000111
00001001
00001011
00001101
00001110
00000001
00000100
00000111
00001001
00001011
00001101
00001110
00000001
00000100
00000111
00001001
00001011
00001101
00001110
00000001
00000100
00000111
00001001
00001011
00001101
00001110
00000001
00000100
00000111
00001001
00001011
00001101
00001110
00000001
00000100
00000111
00001001
00001011
00001101
00001110
00000001
00000100
00000111
00001001
00001011
00001101
00001110
00000001
00000100
00000111
00001001
00001011
00001101
00001110
00000001
00000100
00000111
00001001
00001011
00001101
00001110
00000001
00000100
00000111
00001001
00001011
00001101
00000001
00000100
00000111
00001001
00001011
00001101
00000001
00000100
00000111
00001001
00001011
00001101
00000001
00000100
00000111
00001011
00001101
00000001
00000100
00000111
00001011
00001101
00000001
00000100
00000111
00001011
00001101
00000001
00000100
00000111
00001011
00001101
00000001
00000100
00000111
00001011
00001101
00000001
00000100
00000111
00001011
00001101
00000001
00000100
00000111
00001011
00001101
00000001
00000100
00000111
00001011
00001101
00000001
00000100
00000111
00001011
00001101
00000001
00000111
00001011
00001101
00000001
00000111
00001011
00001101
00000001
00000111
00001011
00001101
00000001
00001011
00001101
00000001
00001011
00001101
00000001
00001011
00001101
00000001
00001011
00001101
00000001
00001011
00001101
00000001
00001011
00001101
00000001
00001011
00001101
00000001
00001011
00001101
00000001
00001011
00001101
00000001
00001011
00001101
00000001
00001011
00001101
00000001
00001011
00001101
00000001
00001011
00001101
00000001
00001011
00001101
00000001
00001011
00000001
00001011
00000001
00001011
00000001
00001011
00000001
00001011
00000001
00001011
00000001
00001011
00000001
00001011
00000001
00001011
00000001
00001011
00000001
00001011
00000001
00001011
00000001
00000001
00000001
00000001
00000001
00000001
00000001
00000001
00000001
00000001
00000001
00000001
00000001
00000001
00000001
00000001
00000001
00000001
00000001
00000001
00000001
00000001
00000001
00000001
00000001
00000001
00000001
00000001
00000001
00000001
00000001