000000000000000000110010110000
000000000000000000110011000000
000000000000000000110011010000
000000000000000000111001100000
000000000000000000111001110000
000000000000000000111010000000
000000000000000000111010010000
000000000000000000111010100000
000000000000000000111010110000
000000000000000000111011000000
000000000000000000111011010000
000000000000000000111011100000
000000000000000000111011110000
000000000000000000111100000000
000000000000000000111100010000
000000000000000000111100100000
000000000000000000111100110000
000000000000000000111101000000
000000001000000000000110110000
000000001000000000000111000000
000000001000000000000111010000
000000001000000000001101100000
000000001000000000001101110000
000000001000000000001110000000
000000001000000000001110010000
000000001000000000001110100000
000000001000000000001110110000
000000001000000000001111000000
000000001000000000001111010000
000000001000000000001111100000
000000001000000000001111110000
000000001000000000010000000000
000000001000000000010000010000
000000001000000000010000100000
000000001000000000010000110000
000000001000000000010001000000
000000001000000000010101100000
000000001000000000010101110000
000000001000000000010110000000
000000001000000000010110010000
000000001000000000010110100000
000000001000000000010110110000
000000001000000000010111000000
000000001000000000010111010000
000000001000000000010111100000
000000001000000000010111110000
000000001000000000011000000000
000000001000000000011000010000
000000001000000000011110110000
000000001000000000011111000000
000000001000000000100101110000
000000001000000000100110000000
000000001000000000101100100000
000000001000000000101100110000
000000001000000000110011010000
000000001000000000110011100000
000000001000000000110011110000
000000001000000000111010010000
000000001000000000111010100000
000000010000000000000000100000
000000010000000000000000110000
000000010000000000000111010000
000000010000000000000111100000
000000010000000000000111110000
000000010000000000001110010000
000000010000000000001110100000
000000010000000000010101000000
000000010000000000010101010000
000000010000000000010101100000
000000010000000000011100000000
000000010000000000011100010000
000000010000000000100011000000
000000010000000000100011010000
000000010000000000101001110000
000000010000000000101010000000
000000010000000000110000100000
000000010000000000110000110000
000000010000000000110001000000
000000010000000000110111010000
000000010000000000110111100000
000000010000000000110111110000
000000010000000000111110010000
000000010000000000111110100000
000000011000000000000100100000
000000011000000000000100110000
000000011000000000000101000000
000000011000000000001011010000
000000011000000000001011100000
000000011000000000001011110000
000000011000000000010010010000
000000011000000000010010100000
000000011000000000011001000000
000000011000000000011001010000
000000011000000000011111110000
000000011000000000100000000000
000000011000000000100000010000
000000011000000000100110110000
000000011000000000100111000000
000000011000000000100111010000
000000011000000000101101110000
000000011000000000101110000000
000000011000000000101110010000
000000011000000000110100110000
000000011000000000110101000000
000000000000000000011000000000
000000000000000000011000010000
000000000000000000011000100000
000000000000000000011000110000
000000000000000000011110010000
000000000000000000011110100000
000000000000000000011110110000
000000000000000000011111000000
000000000000000000011111010000
000000000000000000011111100000
000000000000000000011111110000
000000000000000000100000000000
000000000000000000100101000000
000000000000000000100101010000
000000000000000000100101100000
000000000000000000100101110000
000000000000000000100110000000
000000000000000000100110010000
000000000000000000100110100000
000000000000000000100110110000
000000000000000000100111000000
000000000000000000101100000000
000000000000000000101100010000
000000000000000000101100100000
000000000000000000101101110000
000000000000000000101110000000
000000000000000000101110010000
000000000000000000110011000000
000000000000000000110011010000
000000000000000000110100110000
000000000000000000110101000000
000000000000000000111011100000
000000000000000000111011110000
000000000000000000111100000000
000000001000000000000000000000
000000001000000000000000010000
000000001000000000000000100000
000000001000000000000001110000
000000001000000000000010000000
000000001000000000000010010000
000000001000000000000111000000
000000001000000000000111010000
000000001000000000001000110000
000000001000000000001001000000
000000001000000000001111100000
000000001000000000001111110000
000000001000000000010000000000
000000001000000000010110100000
000000001000000000010110110000
000000001000000000010111000000
000000001000000000011101010000
000000001000000000011101100000
000000001000000000011101110000
000000001000000000100100000000
000000001000000000100100010000
000000001000000000100100100000
000000001000000000100100110000
000000001000000000101010110000
000000001000000000101011000000
000000001000000000101011010000
000000001000000000101011100000
000000001000000000110001110000
000000001000000000110010000000
000000001000000000110010010000
000000001000000000111000100000
000000001000000000111000110000
000000001000000000111001000000
000000001000000000111001010000
000000001000000000111111100000
000000001000000000111111110000
000000010000000000000101110000
000000010000000000000110000000
000000010000000000000110010000
000000010000000000001100100000
000000010000000000001100110000
000000010000000000001101000000
000000010000000000001101010000
000000010000000000010011100000
000000010000000000010011110000
000000010000000000010100000000
000000010000000000011010010000
000000010000000000011010100000
000000010000000000011010110000
000000010000000000011011000000
000000010000000000100001000000
000000010000000000100001010000
000000010000000000100001100000
000000010000000000100001110000
000000010000000000101000000000
000000010000000000101000010000
000000010000000000101000100000
000000010000000000101111000000
000000010000000000101111010000
000000010000000000101111100000
000000010000000000110010100000
000000010000000000110010110000
000000010000000000110011000000
000000010000000000110011010000
000000010000000000110110000000
000000010000000000110110010000
000000010000000000110110100000
000000010000000000110110110000
000000010000000000110111000000
000000010000000000110111010000
000000010000000000110111100000
000000010000000000110111110000
000000010000000000111000000000
000000010000000000111000010000
000000010000000000111000100000
000000010000000000111000110000
000000010000000000111001000000
000000010000000000111001010000
000000010000000000111001100000
000000010000000000111001110000
000000010000000000111010000000
000000010000000000111010010000
000000010000000000111101000000
000000010000000000111101010000
000000010000000000111101100000
000000010000000000111101110000
000000010000000000111110000000
000000010000000000111110010000
000000010000000000111110100000
000000010000000000111110110000
000000010000000000111111000000
000000010000000000111111010000
000000010000000000111111100000
000000010000000000111111110000
000000011000000000000011000000
000000011000000000000011010000
000000011000000000000011100000
000000011000000000000110100000
000000011000000000000110110000
000000011000000000000111000000
000000011000000000000111010000
000000011000000000001010000000
000000011000000000001010010000
000000011000000000001010100000
000000011000000000001010110000
000000011000000000001011000000
000000011000000000001011010000
000000011000000000001011100000
000000011000000000001011110000
000000011000000000001100000000
000000011000000000001100010000
000000011000000000001100100000
000000011000000000001100110000
000000011000000000001101000000
000000011000000000001101010000
000000011000000000001101100000
000000011000000000001101110000
000000011000000000001110000000
000000011000000000001110010000
000000011000000000010001000000
000000011000000000010001010000
000000011000000000010001100000
000000011000000000010001110000
000000011000000000010010000000
000000011000000000010010010000
000000011000000000010010100000
000000011000000000010010110000
000000011000000000010011000000
000000011000000000010011010000
000000011000000000010011100000
000000011000000000010011110000
000000011000000000010100000000
000000011000000000010100010000
000000011000000000010100100000
000000011000000000010100110000
000000011000000000011001010000
000000011000000000011001100000
000000011000000000011001110000
000000011000000000011010000000
000000011000000000011010010000
000000000000000000100000010000
000000000000000000100111010000
000000000000000000101110000000
000000000000000000101110010000
000000000000000000110101000000
000000000000000000110101010000
000000000000000000111100000000
000000001000000000000010000000
000000001000000000000010010000
000000001000000000001001000000
000000001000000000001001010000
000000001000000000010000000000
000000001000000000010110110000
000000001000000000010111000000
000000001000000000011101110000
000000001000000000011110000000
000000001000000000100100110000
000000001000000000100101000000
000000001000000000101011100000
000000001000000000101011110000
000000001000000000110010100000
000000001000000000110010110000
000000001000000000111001100000
000000001000000000111001110000
000000010000000000000110100000
000000010000000000000110110000
000000010000000000001101100000
000000010000000000001101110000
000000010000000000010100010000
000000010000000000010100100000
000000010000000000011011010000
000000010000000000011011100000
000000010000000000100010010000
000000010000000000100010100000
000000010000000000101001000000
000000010000000000101001010000
000000010000000000101001100000
000000010000000000110000000000
000000010000000000110000010000
000000010000000000110111000000
000000010000000000110111010000
000000010000000000111101110000
000000010000000000111110000000
000000010000000000111110010000
000000011000000000000100000000
000000011000000000000100010000
000000011000000000001011000000
000000011000000000001011010000
000000011000000000010001110000
000000011000000000010010000000
000000011000000000010010010000
000000011000000000011000110000
000000011000000000011001000000
000000011000000000011111110000
000000011000000000100000000000
000000000000000000011111010000
000000000000000000011111100000
000000000000000000011111110000
000000000000000000100110010000
000000000000000000100110100000
000000000000000000100110110000
000000000000000000101101000000
000000000000000000101101010000
000000000000000000101101100000
000000000000000000101101110000
000000000000000000110011110000
000000000000000000110100000000
000000000000000000110100010000
000000000000000000110100100000
000000000000000000110100110000
000000000000000000110101000000
000000000000000000111010100000
000000000000000000111010110000
000000000000000000111011000000
000000000000000000111011010000
000000000000000000111011100000
000000000000000000111011110000
000000000000000000111100000000
000000000000000000111100010000
000000000000000000111100100000
000000001000000000000001000000
000000001000000000000001010000
000000001000000000000001100000
000000001000000000000001110000
000000001000000000000111110000
000000001000000000001000000000
000000001000000000001000010000
000000001000000000001000100000
000000001000000000001000110000
000000001000000000001001000000
000000001000000000001110100000
000000001000000000001110110000
000000001000000000001111000000
000000001000000000001111010000
000000001000000000001111100000
000000001000000000001111110000
000000001000000000010000000000
000000001000000000010000010000
000000001000000000010000100000
000000001000000000010101010000
000000001000000000010101100000
000000001000000000010101110000
000000001000000000010110000000
000000001000000000010110010000
000000001000000000010110100000
000000001000000000010110110000
000000001000000000010111000000
000000001000000000010111010000
000000001000000000010111100000
000000001000000000010111110000
000000001000000000011100010000
000000001000000000011100100000
000000001000000000011100110000
000000001000000000011101000000
000000001000000000011101010000
000000001000000000011101100000
000000001000000000011110010000
000000001000000000011110100000
000000001000000000011110110000
000000001000000000100011000000
000000001000000000100011010000
000000001000000000100011100000
000000001000000000100011110000
000000001000000000100100000000
000000001000000000100100010000
000000001000000000100101100000
000000001000000000100101110000
000000001000000000100110000000
000000001000000000101010000000
000000001000000000101010010000
000000001000000000101010100000
000000001000000000101010110000
000000001000000000101100110000
000000001000000000101101000000
000000001000000000101101010000
000000001000000000110001000000
000000001000000000110001010000
000000001000000000110001100000
000000001000000000110011110000
000000001000000000110100000000
000000001000000000110100010000
000000001000000000111000000000
000000001000000000111000010000
000000001000000000111010110000
000000001000000000111011000000
000000001000000000111011010000
000000001000000000111011100000
000000001000000000111110110000
000000001000000000111111000000
000000001000000000111111010000
000000010000000000000000110000
000000010000000000000001000000
000000010000000000000001010000
000000010000000000000101000000
000000010000000000000101010000
000000010000000000000101100000
000000010000000000000111110000
000000010000000000001000000000
000000010000000000001000010000
000000010000000000001100000000
000000010000000000001100010000
000000010000000000001110110000
000000010000000000001111000000
000000010000000000001111010000
000000010000000000001111100000
000000010000000000010010110000
000000010000000000010011000000
000000010000000000010011010000
000000010000000000010101110000
000000010000000000010110000000
000000010000000000010110010000
000000010000000000011001110000
000000010000000000011010000000
000000010000000000011010010000
000000010000000000011100100000
000000010000000000011100110000
000000010000000000011101000000
000000010000000000011101010000
000000010000000000100000110000
000000010000000000100001000000
000000010000000000100001010000
000000010000000000100011000000
000000010000000000100011010000
000000010000000000100011100000
000000010000000000100011110000
000000010000000000100100000000
000000010000000000100111110000
000000010000000000101000000000
000000010000000000101000010000
000000010000000000101001110000
000000010000000000101010000000
000000010000000000101010010000
000000010000000000101010100000
000000010000000000101010110000
000000010000000000101011000000
000000010000000000101110110000
000000010000000000101111000000
000000010000000000101111010000
000000010000000000110000000000
000000010000000000110000010000
000000010000000000110000100000
000000010000000000110000110000
000000010000000000110001000000
000000010000000000110001010000
000000010000000000110001100000
000000010000000000110001110000
000000010000000000110110000000
000000010000000000110110010000
000000010000000000110110100000
000000010000000000110110110000
000000010000000000110111000000
000000010000000000110111010000
000000010000000000110111100000
000000010000000000110111110000
000000010000000000111000000000
000000010000000000111000010000
000000010000000000111000100000
000000010000000000111000110000
000000010000000000111101000000
000000010000000000111101010000
000000010000000000111101100000
000000010000000000111101110000
000000010000000000111110000000
000000010000000000111110010000
000000010000000000111110100000
000000010000000000111110110000
000000010000000000111111000000
000000010000000000111111010000
000000011000000000000010110000
000000011000000000000011000000
000000011000000000000011010000
000000011000000000000100000000
000000011000000000000100010000
000000011000000000000100100000
000000011000000000000100110000
000000011000000000000101000000
000000011000000000000101010000
000000011000000000000101100000
000000011000000000000101110000
000000011000000000001010000000
000000011000000000001010010000
000000011000000000001010100000
000000011000000000001010110000
000000011000000000001011000000
000000011000000000001011010000
000000011000000000001011100000
000000011000000000001011110000
000000011000000000001100000000
000000011000000000001100010000
000000011000000000001100100000
000000011000000000001100110000
000000011000000000010001000000
000000011000000000010001010000
000000011000000000010001100000
000000011000000000010001110000
000000011000000000010010000000
000000011000000000010010010000
000000011000000000010010100000
000000011000000000010010110000
000000011000000000010011000000
000000011000000000010011010000
000000011000000000011000010000
000000011000000000011000100000
000000011000000000011000110000
000000011000000000011001000000
000000011000000000011001010000
000000011000000000011001100000
000000011000000000011001110000
000000011000000000011111110000
000000011000000000100000000000
000000011000000000100000010000
000000000000000000100101110000
000000000000000000101100110000
000000000000000000101110110000
000000000000000000101111000000
000000000000000000110011100000
000000000000000000110011110000
000000000000000000110110000000
000000000000000000111010100000
000000000000000000111010110000
000000000000000000111101000000
000000001000000000000000110000
000000001000000000000010110000
000000001000000000000011000000
000000001000000000000111100000
000000001000000000000111110000
000000001000000000001010000000
000000001000000000001110100000
000000001000000000001110110000
000000001000000000010001000000
000000001000000000010101010000
000000001000000000010101100000
000000001000000000010111110000
000000001000000000011000000000
000000001000000000011100000000
000000001000000000011100010000
000000001000000000011110110000
000000001000000000011111000000
000000001000000000100011000000
000000001000000000100011010000
000000001000000000100101100000
000000001000000000100101110000
000000001000000000100110000000
000000001000000000101001110000
000000001000000000101010000000
000000001000000000101100100000
000000001000000000101100110000
000000001000000000110000110000
000000001000000000110001000000
000000001000000000110011010000
000000001000000000110011100000
000000001000000000110011110000
000000001000000000110111110000
000000001000000000111000000000
000000001000000000111010010000
000000001000000000111010100000
000000001000000000111010110000
000000001000000000111110110000
000000001000000000111111000000
000000010000000000000000100000
000000010000000000000000110000
000000010000000000000100110000
000000010000000000000101000000
000000010000000000000111010000
000000010000000000000111100000
000000010000000000000111110000
000000010000000000001011110000
000000010000000000001100000000
000000010000000000001110010000
000000010000000000001110100000
000000010000000000001110110000
000000010000000000010010110000
000000010000000000010011000000
000000010000000000010101010000
000000010000000000010101100000
000000010000000000011001110000
000000010000000000011010000000
000000010000000000011010010000
000000010000000000011011100000
000000010000000000011011110000
000000010000000000011100000000
000000010000000000011100010000
000000010000000000011100100000
000000010000000000100001000000
000000010000000000100001010000
000000010000000000100001100000
000000010000000000100001110000
000000010000000000100010000000
000000010000000000100010010000
000000010000000000100010100000
000000010000000000100010110000
000000010000000000100011000000
000000010000000000100011010000
000000010000000000100011100000
000000010000000000101010000000
000000010000000000101010010000
000000010000000000101010100000
000000010000000000110001010000
000000010000000000110001100000
000000010000000000111000000000
000000010000000000111000010000
000000010000000000111000100000
000000010000000000111111010000
000000010000000000111111100000
000000011000000000000101010000
000000011000000000000101100000
000000011000000000001100000000
000000011000000000001100010000
000000011000000000001100100000
000000011000000000010011010000
000000011000000000010011100000
000000011000000000011010000000
000000011000000000011010010000
000000011000000000011010100000
000000011000000000100001000000
000000011000000000100001010000
000000011000000000101000000000
000000000000000000100111010000
000000000000000000101110000000
000000000000000000101110010000
000000000000000000101110100000
000000000000000000110101000000
000000000000000000110101010000
000000000000000000110101100000
000000000000000000111011110000
000000000000000000111100000000
000000000000000000111100010000
000000001000000000000010000000
000000001000000000000010010000
000000001000000000000010100000
000000001000000000001001000000
000000001000000000001001010000
000000001000000000001001100000
000000001000000000001111110000
000000001000000000010000000000
000000001000000000010000010000
000000001000000000010110110000
000000001000000000010111000000
000000001000000000010111010000
000000001000000000011101100000
000000001000000000011101110000
000000001000000000011110000000
000000001000000000011110010000
000000001000000000100100100000
000000001000000000100100110000
000000001000000000100101000000
000000001000000000101011100000
000000001000000000101011110000
000000001000000000101100000000
000000001000000000110010100000
000000001000000000110010110000
000000001000000000110011000000
000000001000000000111001010000
000000001000000000111001100000
000000001000000000111001110000
000000010000000000000000000000
000000010000000000000110100000
000000010000000000000110110000
000000010000000000000111000000
000000010000000000001101010000
000000010000000000001101100000
000000010000000000001101110000
000000010000000000010100010000
000000010000000000010100100000
000000010000000000010100110000
000000010000000000011011010000
000000010000000000011011100000
000000010000000000011011110000
000000010000000000100010000000
000000010000000000100010010000
000000010000000000100010100000
000000010000000000101001000000
000000010000000000101001010000
000000010000000000101001100000
000000010000000000110000000000
000000010000000000110000010000
000000010000000000110000100000
000000010000000000110111000000
000000010000000000110111010000
000000010000000000111101110000
000000010000000000111110000000
000000010000000000111110010000
000000011000000000000100000000
000000011000000000000100010000
000000011000000000000100100000
000000011000000000001011000000
000000011000000000001011010000
000000011000000000010001110000
000000011000000000010010000000
000000011000000000010010010000
000000011000000000011000110000
000000011000000000011001000000
000000011000000000011001010000
000000011000000000011111110000
000000011000000000100000000000
000000011000000000100000010000
000000011000000000100111000000
000000000000000000100101100000
000000000000000000100101110000
000000000000000000101100010000
000000000000000000101100100000
000000000000000000101100110000
000000000000000000101111010000
000000000000000000101111100000
000000000000000000110011000000
000000000000000000110011010000
000000000000000000110011100000
000000000000000000110110000000
000000000000000000110110010000
000000000000000000111010000000
000000000000000000111010010000
000000000000000000111101000000
000000000000000000111101010000
000000001000000000000000010000
000000001000000000000000100000
000000001000000000000000110000
000000001000000000000011010000
000000001000000000000011100000
000000001000000000000111000000
000000001000000000000111010000
000000001000000000000111100000
000000001000000000001010000000
000000001000000000001010010000
000000001000000000001110000000
000000001000000000001110010000
000000001000000000010001000000
000000001000000000010001010000
000000001000000000010100110000
000000001000000000010101000000
000000001000000000010111110000
000000001000000000011000000000
000000001000000000011011100000
000000001000000000011011110000
000000001000000000011100000000
000000001000000000011110110000
000000001000000000011111000000
000000001000000000100010100000
000000001000000000100010110000
000000001000000000100011000000
000000001000000000100101010000
000000001000000000100101100000
000000001000000000100101110000
000000001000000000101001100000
000000001000000000101001110000
000000001000000000101010000000
000000001000000000101010010000
000000001000000000101010100000
000000001000000000101011110000
000000001000000000101100000000
000000001000000000101100010000
000000001000000000101100100000
000000001000000000101100110000
000000001000000000110000110000
000000001000000000110001000000
000000001000000000110001010000
000000001000000000110001100000
000000001000000000110001110000
000000001000000000110010000000
000000001000000000110010010000
000000001000000000110010100000
000000001000000000110010110000
000000001000000000110011000000
000000001000000000110011010000
000000001000000000110011100000
000000001000000000111000010000
000000001000000000111000100000
000000001000000000111000110000
000000001000000000111001000000
000000001000000000111001010000
000000001000000000111001100000
000000001000000000111010000000
000000001000000000111010010000
000000001000000000111010100000
000000010000000000000000000000
000000010000000000000000010000
000000010000000000000000100000
000000010000000000000000110000
000000010000000000000100110000
000000010000000000000101000000
000000010000000000000101010000
000000010000000000000101100000
000000010000000000000101110000
000000010000000000000110000000
000000010000000000000110010000
000000010000000000000110100000
000000010000000000000110110000
000000010000000000000111000000
000000010000000000000111010000
000000010000000000000111100000
000000010000000000001100010000
000000010000000000001100100000
000000010000000000001100110000
000000010000000000001101000000
000000010000000000001101010000
000000010000000000001101100000
000000010000000000001110000000
000000010000000000001110010000
000000010000000000001110100000
000000010000000000010101000000
000000010000000000010101010000
000000010000000000011011110000
000000010000000000011100000000
000000010000000000100010110000
000000010000000000100011000000
000000010000000000101001100000
000000010000000000101001110000
000000010000000000101010000000
000000010000000000110000100000
000000010000000000110000110000
000000010000000000110111100000
000000010000000000110111110000
000000010000000000111110010000
000000010000000000111110100000
000000010000000000111110110000
000000011000000000000100100000
000000011000000000000100110000
000000011000000000001011100000
000000011000000000001011110000
000000011000000000010010010000
000000011000000000010010100000
000000011000000000010010110000
000000011000000000011001010000
000000011000000000011001100000
000000011000000000011001110000
000000011000000000011010010000
000000011000000000011010100000
000000011000000000100000010000
000000011000000000100000100000
000000011000000000100000110000
000000011000000000100001000000
000000011000000000100001010000
000000011000000000100111100000
000000011000000000100111110000
000000000000000000101101000000
000000000000000000101101010000
000000000000000000110011110000
000000000000000000110100000000
000000000000000000110100010000
000000000000000000111010100000
000000000000000000111010110000
000000000000000000111011000000
000000000000000000111011010000
000000000000000000111011100000
000000001000000000000001000000
000000001000000000000001010000
000000001000000000000111110000
000000001000000000001000000000
000000001000000000001000010000
000000001000000000001110100000
000000001000000000001110110000
000000001000000000001111000000
000000001000000000001111010000
000000001000000000001111100000
000000001000000000010101010000
000000001000000000010101100000
000000001000000000010101110000
000000001000000000010110000000
000000001000000000010110010000
000000001000000000010110100000
000000001000000000010110110000
000000001000000000011100010000
000000001000000000011100100000
000000001000000000011100110000
000000001000000000011101000000
000000001000000000011101010000
000000001000000000011101100000
000000001000000000011101110000
000000001000000000011110000000
000000001000000000100011010000
000000001000000000100011100000
000000001000000000100100100000
000000001000000000100100110000
000000001000000000100101000000
000000001000000000100101010000
000000001000000000101010010000
000000001000000000101011100000
000000001000000000101011110000
000000001000000000101100000000
000000001000000000101100010000
000000001000000000110001000000
000000001000000000110001010000
000000001000000000110001100000
000000001000000000110010100000
000000001000000000110010110000
000000001000000000110011000000
000000001000000000110011010000
000000001000000000111000010000
000000001000000000111000100000
000000001000000000111001010000
000000001000000000111001100000
000000001000000000111001110000
000000001000000000111010000000
000000001000000000111010010000
000000001000000000111111010000
000000001000000000111111100000
000000001000000000111111110000
000000010000000000000000000000
000000010000000000000000010000
000000010000000000000101000000
000000010000000000000101010000
000000010000000000000101100000
000000010000000000000110100000
000000010000000000000110110000
000000010000000000000111000000
000000010000000000000111010000
000000010000000000001100010000
000000010000000000001100100000
000000010000000000001101010000
000000010000000000001101100000
000000010000000000001101110000
000000010000000000001110000000
000000010000000000001110010000
000000010000000000010011010000
000000010000000000010011100000
000000010000000000010011110000
000000010000000000010100000000
000000010000000000010100010000
000000010000000000010100100000
000000010000000000010101000000
000000010000000000010101010000
000000010000000000010101100000
000000010000000000011010100000
000000010000000000011010110000
000000010000000000011011000000
000000010000000000011011010000
000000010000000000011100000000
000000010000000000011100010000
000000010000000000011100100000
000000010000000000100001110000
000000010000000000100010000000
000000010000000000100011010000
000000010000000000100011100000
000000010000000000100011110000
000000010000000000101010100000
000000010000000000101010110000
000000010000000000110001100000
000000010000000000110001110000
000000010000000000111000110000
000000010000000000111001000000
000000011000000000000101100000
000000011000000000000101110000
000000011000000000001100110000
000000011000000000001101000000
000000011000000000010100000000
000000011000000000010100010000
000000011000000000011011000000
000000011000000000011011010000
000000011000000000100010010000
000000011000000000100010100000
000000011000000000101001010000
000000011000000000101001100000
000000011000000000110000100000
000000000000000000100001100000
000000000000000000100111000000
000000000000000000100111010000
000000000000000000100111100000
000000000000000000100111110000
000000000000000000101000000000
000000000000000000101000010000
000000000000000000101000100000
000000000000000000101000110000
000000000000000000101001000000
000000000000000000101101010000
000000000000000000101101100000
000000000000000000101101110000
000000000000000000101110000000
000000000000000000101110010000
000000000000000000101110100000
000000000000000000101110110000
000000000000000000101111000000
000000000000000000101111010000
000000000000000000101111100000
000000000000000000101111110000
000000000000000000110000000000
000000000000000000110100010000
000000000000000000110100100000
000000000000000000110100110000
000000000000000000110101000000
000000000000000000110101010000
000000000000000000110101100000
000000000000000000110101110000
000000000000000000110110000000
000000000000000000110110010000
000000000000000000110110100000
000000000000000000110110110000
000000000000000000110111000000
000000000000000000111010010000
000000000000000000111011010000
000000000000000000111011100000
000000000000000000111011110000
000000000000000000111100000000
000000001000000000000001010000
000000001000000000000001100000
000000001000000000000001110000
000000001000000000000010000000
000000001000000000000010010000
000000001000000000000010100000
000000001000000000000010110000
000000001000000000000011000000
000000001000000000000011010000
000000001000000000000011100000
000000001000000000000011110000
000000001000000000000100000000
000000001000000000001000010000
000000001000000000001000100000
000000001000000000001000110000
000000001000000000001001000000
000000001000000000001001010000
000000001000000000001001100000
000000001000000000001001110000
000000001000000000001010000000
000000001000000000001010010000
000000001000000000001010100000
000000001000000000001010110000
000000001000000000001011000000
000000001000000000001110010000
000000001000000000001111010000
000000001000000000001111100000
000000001000000000001111110000
000000001000000000010000000000
000000001000000000010101000000
000000001000000000010101010000
000000001000000000011011110000
000000001000000000011100000000
000000001000000000011100010000
000000001000000000100010100000
000000001000000000100010110000
000000001000000000100011000000
000000001000000000101001100000
000000001000000000101001110000
000000001000000000110000010000
000000001000000000110000100000
000000001000000000110000110000
000000001000000000110111010000
000000001000000000110111100000
000000001000000000110111110000
000000001000000000111110010000
000000001000000000111110100000
000000001000000000111110110000
000000001000000000111111000000
000000001000000000111111010000
000000001000000000111111100000
000000010000000000000100010000
000000010000000000000100100000
000000010000000000000100110000
000000010000000000001011010000
000000010000000000001011100000
000000010000000000001011110000
000000010000000000010010010000
000000010000000000010010100000
000000010000000000010010110000
000000010000000000010011000000
000000010000000000010011010000
000000010000000000010011100000
000000010000000000011001010000
000000010000000000011001100000
000000010000000000011001110000
000000010000000000011010000000
000000010000000000011010010000
000000010000000000011010100000
000000010000000000011010110000
000000010000000000011011000000
000000010000000000011011010000
000000010000000000011011100000
000000010000000000011011110000
000000010000000000011100000000
000000010000000000011100010000
000000010000000000011100100000
000000010000000000100000110000
000000010000000000100001000000
000000010000000000100001010000
000000010000000000100001100000
000000010000000000100001110000
000000010000000000100010000000
000000010000000000100010010000
000000010000000000100010100000
000000010000000000100010110000
000000010000000000100011000000
000000010000000000100011010000
000000010000000000100011100000
000000010000000000101000110000
000000010000000000101001000000
000000010000000000101001010000
000000010000000000101001100000
000000010000000000101001110000
000000010000000000101010000000
000000010000000000101010010000
000000010000000000101010100000
000000010000000000101010110000
000000010000000000110000000000
000000010000000000110000010000
000000010000000000110000100000
000000010000000000110001000000
000000010000000000110001010000
000000010000000000110001100000
000000010000000000110001110000
000000010000000000110111000000
000000010000000000110111010000
000000010000000000110111100000
000000010000000000110111110000
000000010000000000111000000000
000000010000000000111000010000
000000010000000000111000100000
000000010000000000111000110000
000000010000000000111110000000
000000010000000000111110010000
000000010000000000111110100000
000000010000000000111110110000
000000010000000000111111000000
000000010000000000111111010000
000000010000000000111111100000
000000011000000000000100000000
000000011000000000000100010000
000000011000000000000100100000
000000011000000000000101000000
000000011000000000000101010000
000000011000000000000101100000
000000011000000000000101110000
000000011000000000001011000000
000000011000000000001011010000
000000011000000000001011100000
000000011000000000001011110000
000000011000000000001100000000
000000011000000000001100010000
000000011000000000001100100000
000000011000000000001100110000
000000011000000000010010000000
000000011000000000010010010000
000000011000000000010010100000
000000011000000000010010110000
000000011000000000010011000000
000000011000000000010011010000
000000011000000000010011100000
000000011000000000011001010000
000000011000000000011001100000
000000011000000000011001110000
000000011000000000011010000000
000000011000000000011010010000
000000011000000000100000110000
000000000000000000110100110000
000000000000000000110101000000
000000000000000000110101010000
000000000000000000111011000000
000000000000000000111011010000
000000000000000000111011100000
000000000000000000111011110000
000000000000000000111100000000
000000000000000000111100010000
000000000000000000111100100000
000000000000000000111100110000
000000000000000000111101000000
000000000000000000111101010000
000000001000000000001000110000
000000001000000000001001000000
000000001000000000001001010000
000000001000000000001111000000
000000001000000000001111010000
000000001000000000001111100000
000000001000000000001111110000
000000001000000000010000000000
000000001000000000010000010000
000000001000000000010000100000
000000001000000000010000110000
000000001000000000010001000000
000000001000000000010001010000
000000001000000000010101100000
000000001000000000010101110000
000000001000000000010110000000
000000001000000000010110010000
000000001000000000010110100000
000000001000000000010110110000
000000001000000000010111000000
000000001000000000010111010000
000000001000000000010111100000
000000001000000000010111110000
000000001000000000011000000000
000000001000000000011000010000
000000001000000000011100000000
000000001000000000011100010000
000000001000000000011100100000
000000001000000000011100110000
000000001000000000011101000000
000000001000000000011101010000
000000001000000000011110010000
000000001000000000011110110000
000000001000000000011111000000
000000001000000000011111010000
000000001000000000011111100000
000000001000000000100011000000
000000001000000000100011010000
000000001000000000100011100000
000000001000000000100011110000
000000001000000000100101010000
000000001000000000100110000000
000000001000000000100110010000
000000001000000000100110100000
000000001000000000101001110000
000000001000000000101010000000
000000001000000000101010010000
000000001000000000101100100000
000000001000000000101100110000
000000001000000000101101000000
000000001000000000101101010000
000000001000000000101101100000
000000001000000000110000110000
000000001000000000110001000000
000000001000000000110001010000
000000001000000000110001110000
000000001000000000110010000000
000000001000000000110010010000
000000001000000000110010100000
000000001000000000110010110000
000000001000000000110011000000
000000001000000000110011010000
000000001000000000110011100000
000000001000000000110011110000
000000001000000000110100000000
000000001000000000110100010000
000000001000000000110111110000
000000001000000000111000000000
000000001000000000111000010000
000000001000000000111000100000
000000001000000000111000110000
000000001000000000111001000000
000000001000000000111001010000
000000001000000000111001100000
000000001000000000111001110000
000000001000000000111010000000
000000001000000000111010010000
000000001000000000111010100000
000000001000000000111010110000
000000001000000000111011000000
000000001000000000111111010000
000000001000000000111111100000
000000001000000000111111110000
000000010000000000000000100000
000000010000000000000000110000
000000010000000000000001000000
000000010000000000000001010000
000000010000000000000001100000
000000010000000000000100110000
000000010000000000000101000000
000000010000000000000101010000
000000010000000000000101110000
000000010000000000000110000000
000000010000000000000110010000
000000010000000000000110100000
000000010000000000000110110000
000000010000000000000111000000
000000010000000000000111010000
000000010000000000000111100000
000000010000000000000111110000
000000010000000000001000000000
000000010000000000001000010000
000000010000000000001011110000
000000010000000000001100000000
000000010000000000001100010000
000000010000000000001100100000
000000010000000000001100110000
000000010000000000001101000000
000000010000000000001101010000
000000010000000000001101100000
000000010000000000001101110000
000000010000000000001110000000
000000010000000000001110010000
000000010000000000001110100000
000000010000000000001110110000
000000010000000000001111000000
000000010000000000010011010000
000000010000000000010011100000
000000010000000000010011110000
000000010000000000010100000000
000000010000000000010100010000
000000010000000000010100100000
000000010000000000010100110000
000000010000000000010101000000
000000010000000000010101010000
000000010000000000010101100000
000000010000000000010101110000
000000010000000000011011100000
000000010000000000011011110000
000000010000000000011100000000
000000010000000000011100010000
000000010000000000100010100000
000000010000000000100010110000
000000010000000000100011000000
000000010000000000101001010000
000000010000000000101001100000
000000010000000000101001110000
000000010000000000101010000000
000000010000000000110000000000
000000010000000000110000010000
000000010000000000110000100000
000000010000000000110000110000
000000010000000000110110110000
000000010000000000110111000000
000000010000000000110111010000
000000010000000000110111100000
000000010000000000111101110000
000000010000000000111110000000
000000010000000000111110010000
000000010000000000111110100000
000000011000000000000100000000
000000011000000000000100010000
000000011000000000000100100000
000000011000000000000100110000
000000011000000000001010110000
000000011000000000001011000000
000000011000000000001011010000
000000011000000000001011100000
000000011000000000010001110000
000000011000000000010010000000
000000011000000000010010010000
000000011000000000010010100000
000000011000000000011000100000
000000011000000000011000110000
000000011000000000011001000000
000000011000000000011001010000
000000011000000000011111100000
000000011000000000011111110000
000000011000000000100000000000
000000011000000000100110010000
000000011000000000100110100000
000000011000000000100110110000
000000011000000000100111000000
000000011000000000101101010000
000000011000000000101101100000
000000011000000000101101110000
000000011000000000110100100000