000000000000000000000000000000
000000000000000000000000100000
000000000000000000000000100001
000000000000000000000000100010
000000000000000000000000100011
000000000000000000000001000000
000000000000000000000001000001
000000000000000000000001000010
000000000000000000000001110000
000000000000000000000001110001
000000000000000000000001110010
000000000000000000000001110011
000000000000000000000001110100
000000000000000000000001110101
000000000000000000000001110110
000000000000000000000010000000
000000000000000000000010000001
000000000000000000000010000010
000000000000000000000010000011
000000000000000000000010110000
000000000000000000000010110001
000000000000000000000010110010
000000000000000000000010110011
000000000000000000000010110100
000000000000000000000011010000
000000000000000000000011010001
000000000000000000000011010010
000000000000000000000011010011
000000000000000000000011110000
000000000000000000000011110001
000000000000000000000011110010
000000000000000000000011110011
000000000000000000000011110100
000000000000000000000011110101
000000000000000000000011110110
000000000000000000000011110111
000000000000000000000100000000
000000000000000000000100100000
000000000000000000000100100001
000000000000000000000100100010
000000000000000000000100100011
000000000000000000000101000000
000000000000000000000101000001
000000000000000000000101000010
000000000000000000000101110000
000000000000000000000101110001
000000000000000000000101110010
000000000000000000000101110011
000000000000000000000101110100
000000000000000000000101110101
000000000000000000000101110110
000000000000000000000110000000
000000000000000000000110000001
000000000000000000000110000010
000000000000000000000110000011
000000000000000000000110110000
000000000000000000000110110001
000000000000000000000110110010
000000000000000000000110110011
000000000000000000000110110100
000000000000000000000111010000
000000000000000000000111010001
000000000000000000000111010010
000000000000000000000111010011
000000000000000000000111110000
000000000000000000000111110001
000000000000000000000111110010
000000000000000000000111110011
000000000000000000000111110100
000000000000000000000111110101
000000000000000000000111110110
000000000000000000000111110111