000000101
000001001
000001100
000001110
000010111
000011011
000100001
000100010
000100101
000101000
000101011
000110001
000110100
000111100
000111111
001000100
001001101
001001111
001010111
001011011
001011100
001100001
001100100
001101011
001110101
001111101
010000101
010001001
010001100
010010011
010011001
010100000
010101110
010110001
010111000
010111011
010111101
011000000
011000001
011000101
011001000
011010010
011010101
011011010
011011111
011100101
011100110
011101110
011110001
011110011
011110111
011111001
011111100
011111101
100000001
100000010
100000110
100001011
100010110
100010111
100100100
100101001
100101010
100110110
100111000
100111010
100111011
100111101
100111110
100111111
101000000
101000111
101010010
101010101
101010111
101100111
101101011
101111001
101111010
101111100
110001001
110010011
110100111
110111011
110111111
111000101
111001001
111001010
111010011
111011000
111011001
111011101
111100011
111100100
111101001
111101100
111110001
111110011
111110110
111111011
000000001
000000010
000000101
000000110
000001001
000001100
000010000
000010110
000010111
000011001
000100000
000100001
000100010
000100101
000101000
000101010
000101011
000110001
000110100
000110101
000111100
000111101
000111110
000111111
001000010
001000100
001011011
001011100
001100000
001100100
001110101
001111010
001111101
010000101
010001100
010001110
010010100
010010111
010011001
010011100
010100000
010100110
010101110
010110000
010111000
010111100
011000000
011000001
011000100
011001000
011010100
011010101
011011010
011011111
011100001
011100010
011100110
011101000
011101100
011101110
011110001
011110011
011110101
011111011
011111100
011111101
100000010
100000110
100001010
100001100
100001111
100010110
100100011
100100100
100100111
100101000
100101010
100101110
100110010
100110110
100111000
100111010
100111011
100111110
101000000
101010010
101010100
101010101
101010111
101100000
101101011
101110100
101111001
101111010
101111101
110000110
110001100
110010001
110010011
110010101
110011100
110100000
110100110
110100111
110101001
110101010
110101111
110110011
110111010
111000101
111000111
111001010
111001110
111010001
111010100
111011000
111011101
111100011
111101100
111110110
111111001
111111010
000000001
000001001
000001100
000001110
000100010
000100101
000101011
000110001
000111100
000111101
000111111
001000100
001010001
001011011
001011100
001100100
001110101
001111101
010000101
010001100
010001101
010010111
010011001
010100000
010101110
010111000
010111100
010111101
010111111
011000000
011000100
011000101
011001000
011001001
011100010
011100101
011100110
011100111
011101100
011101110
011110001
011111011
011111100
011111101
100000001
100000010
100000101
100000110
100001111
100010110
100010111
100100011
100100100
100101010
100111000
100111010
100111110
101001011
101010010
101010100
101010101
101100111
101111001
101111100
101111101
110010001
110100101
110100110
110101001
110101111
110111001
110111010
111000011
111000101
111001010
111001110
111010100
111011000
111011101
111101011
111101100
111110011
111110110
000000110
000001001
000010000
000010100
000010111
000011001
000011011
000100010
000100101
000101000
000101011
000110001
000110100
000111100
000111111
001000100
001001101
001010000
001011100
001100000
001100001
001100100
001101110
001110101
001111101
010000010
010001100
010010110
010011100
010100000
010101110
010110000
010110001
010111000
010111101
011000000
011000100
011000101
011001000
011010010
011011010
011100010
011100110
011101100
011110101
011111100
011111101
100000010
100000110
100010110
100010111
100011000
100100100
100100111
100101001
100110010
100110110
100111010
100111011
100111101
101000000
101010100
101110010
101110110
101111001
101111010
101111100
110000110
110001100
110010101
110100000
110100111
110101001
110101010
110101110
110101111
110110011
110111111
111000111
111001110
111010001
111011000
111100100
111101010
111101100
111110011
111110110
111111001
111111010
111111011
000001110
000100010
010101110
010111000
100010111
100111010
101101100
101110110
111100100
000000001
000001001
000001100
000001110
000100010
000100101
000101011
000110001
000111100
000111101
000111111
001010001
001011011
001100100
001110101
001111101
010001001
010001101
010010111
010011001
010101110
010110001
010111000
010111111
011000000
011000100
011000101
011001000
011001001
011100010
011100110
011100111
011101110
011110001
011110111
011111011
011111100
011111101
100000001
100000010
100000101
100000110
100001111
100010111
100100011
100100100
100101001
100101010
100111010
100111110
101001011
101010010
101010101
101110110
101111001
101111101
110010001
110100101
110100110
110101111
110111001
110111111
111000011
111001010
111011101
111101011
111101100
111110001
111110011
111110110
000001001
000001110
000100010
010101110
010111000
100111010
101010010
101101100
101110110
111100100
000000101
000001001
000001110
000100010
000100101
000101011
000110001
001001111
010000101
010011001
010101110
010111000
010111101
011000000
011100101
011101110
011110011
011111001
100000010
100010111
100100100
100111010
100111111
101010111
101100111
101101011
110101001
110101111
111001010
111101001
111110011
000001001
000001110
000100010
000100101
000101000
000110001
000111111
001100000
001100001
001100100
010101110
010110000
011000000
011000100
011011010
011100010
011100110
011101100
011110101
100000010
100001010
100001100
100010111
100100100
100100111
100110010
100110110
100111010
110001100
110010101
110101001
110101010
110101111
110110011
111100100
111101100
111110011
111110110
111111010
000001001
000001110
000100010
001001111
010101110
010111101
011100101
011111001
100000010
100010111
100111010
101100111
101110110
111101001
111110011